[gd_scene load_steps=5 format=2]

[ext_resource path="res://assets/town_scene_slot2_albedo_bump.packed_tex" type="Texture" id=1]
[ext_resource path="res://assets/Materials/terrain/grass.tres" type="Material" id=2]
[ext_resource path="res://assets/Materials/terrain/cement2.tres" type="Material" id=3]

[sub_resource type="SpatialMaterial" id=3]
albedo_texture = ExtResource( 1 )
uv1_scale = Vector3( 10, 10, 1 )

[node name="terrain" type="CSGCombiner"]
operation = 2
use_collision = true

[node name="MainTerrain" type="CSGBox" parent="."]
transform = Transform( 1, 0, 0, 0, 1, 0, 0, 0, 1, 0, -10, 0 )
width = 250.0
height = 20.0
depth = 250.0
material = ExtResource( 2 )

[node name="MainTerrainCutout" type="CSGBox" parent="."]
transform = Transform( 1, 0, 0, 0, 1, 0, 0, 0, 1, 0, 5, 0 )
operation = 2
width = 240.0
height = 20.0
depth = 240.0

[node name="Wall1" type="CSGBox" parent="."]
transform = Transform( 1, 0, 0, 0, 0.707107, -0.707107, 0, 0.707107, 0.707107, 0, -7.5, -113.245 )
width = 240.0
height = 1.0
depth = 20.0
material = ExtResource( 3 )

[node name="Wall2" type="CSGBox" parent="."]
transform = Transform( 1, 0, 0, 0, 0.707107, 0.707107, 0, -0.707107, 0.707107, 0, -7.5, 113.317 )
width = 240.0
height = 1.0
depth = 20.0
material = ExtResource( 3 )

[node name="Wall3" type="CSGBox" parent="."]
transform = Transform( -4.37114e-08, 0.707107, -0.707107, 0, 0.707107, 0.707107, 1, 3.09086e-08, -3.09086e-08, -113.25, -7.5, 0 )
width = 240.0
height = 1.0
depth = 20.0
material = ExtResource( 3 )

[node name="Wall4" type="CSGBox" parent="."]
transform = Transform( -4.37114e-08, -0.707107, 0.707107, 0, 0.707107, 0.707107, -1, 3.09086e-08, -3.09086e-08, 113.172, -7.5, 0 )
width = 240.0
height = 1.0
depth = 20.0
material = ExtResource( 3 )

[node name="MiddleTorus" type="CSGTorus" parent="."]
transform = Transform( 11.7542, 0, 0, 0, 0.942174, 0, 0, 0, 11.7944, 0, -4.73832, 0 )
operation = 2
inner_radius = 1.62843
outer_radius = 4.44735
sides = 24
ring_sides = 12

[node name="CSGSphere" type="CSGSphere" parent="."]
transform = Transform( 1, 0, 0, 0, 1, 0, 0, 0, 1, 1.3894, -110.112, 0 )
radius = 100.0
radial_segments = 6
rings = 12
material = SubResource( 3 )

[node name="CSGSphere2" type="CSGSphere" parent="."]
transform = Transform( 1, 0, 0, 0, 1, 0, 0, 0, 1, 151.795, -110.867, 43.8463 )
radius = 40.0
radial_segments = 6
rings = 12
material = SubResource( 3 )

[node name="CSGSphere3" type="CSGSphere" parent="."]
transform = Transform( 1, 0, 0, 0, 1, 0, 0, 0, 1, 31.8341, -125.118, -128.898 )
radius = 40.0
radial_segments = 6
rings = 12
material = SubResource( 3 )
