[gd_scene load_steps=2 format=2]

[ext_resource path="res://terrain/grass_field.tscn" type="PackedScene" id=1]


[node name="GrassField2" type="Spatial"]

[node name="GrassField1" parent="." instance=ExtResource( 1 )]

[node name="GrassField2" parent="." instance=ExtResource( 1 )]
transform = Transform( 0.906868, 0, -0.421416, 0, 1, 0, 0.421416, 0, 0.906868, 5.70054, 0, 4.12961 )

[node name="GrassField3" parent="." instance=ExtResource( 1 )]
transform = Transform( 0.613279, 0, -0.789866, 0, 1, 0, 0.789866, 0, 0.613279, 5.70054, 0, -7.1026 )

[node name="GrassField4" parent="." instance=ExtResource( 1 )]
transform = Transform( -0.129367, 0, -0.991597, 0, 1, 0, 0.991597, 0, -0.129367, -3.63983, 0, -7.1026 )

[node name="GrassField5" parent="." instance=ExtResource( 1 )]
transform = Transform( -0.524863, 0, -0.851187, 0, 1, 0, 0.851187, 0, -0.524863, -3.63983, 0, 5.5881 )

[node name="GrassField6" parent="." instance=ExtResource( 1 )]
transform = Transform( -0.192385, 0, -0.98132, 0, 1, 0, 0.98132, 0, -0.192385, -7.37903, 0, -0.61778 )

[node name="GrassField7" parent="." instance=ExtResource( 1 )]
transform = Transform( 0.295108, 0, -0.955464, 0, 1, 0, 0.955464, 0, 0.295108, 5.3554, 0, -0.61778 )
